.begin 1
.V 20 32 41
.V 30 11 18
.V 30 18 25
.V 30 25 32
.V 31 8 11
.V 39 0 7
.V 39 7 8
.V 39 8 15
.V 39 15 22
.V 39 22 29
.V 41 29 36
.V 47 36 41
.V 49 36 41
.V 56 36 37
.V 56 37 41
.V 94 36 37
.V 94 37 41
.H 20 32 21
.H 21 32 22
.H 22 32 23
.H 23 32 24
.H 24 32 25
.H 25 32 26
.H 26 32 27
.H 27 32 28
.H 28 32 29
.H 29 32 30
.H 30 11 31
.H 31 8 32
.H 32 8 33
.H 33 8 34
.H 34 8 35
.H 35 8 36
.H 36 8 37
.H 37 8 38
.H 38 8 39
.H 39 29 40
.H 40 29 41
.H 41 36 42
.H 42 36 43
.H 43 36 44
.H 44 36 45
.H 45 36 46
.H 46 36 47
.H 47 36 48
.H 48 36 49
.H 49 36 50
.H 50 36 51
.H 51 36 52
.H 52 36 53
.H 53 36 54
.H 54 36 55
.H 55 36 56
.H 56 36 57
.H 57 36 58
.H 58 36 59
.H 59 36 60
.H 60 36 61
.H 61 36 62
.H 62 36 63
.H 63 36 64
.H 64 36 65
.H 65 36 66
.H 66 36 67
.H 67 36 68
.H 68 36 69
.H 69 36 70
.H 70 36 71
.H 71 36 72
.H 72 36 73
.H 73 36 74
.H 74 36 75
.H 75 36 76
.H 76 36 77
.H 77 36 78
.H 78 36 79
.H 79 36 80
.H 80 36 81
.H 81 36 82
.H 82 36 83
.H 83 36 84
.H 84 36 85
.H 85 36 86
.H 86 36 87
.H 87 36 88
.H 88 36 89
.H 89 36 90
.H 90 36 91
.H 91 36 92
.H 92 36 93
.H 93 36 94
.end
.begin 2
.V 0 40 41
.V 49 0 2
.V 49 2 9
.V 49 9 16
.V 49 16 19
.V 51 0 2
.V 51 2 19
.V 52 2 9
.V 52 9 12
.V 55 12 19
.V 55 19 23
.V 56 23 29
.V 67 29 32
.V 89 32 40
.H 0 40 1
.H 1 40 2
.H 2 40 3
.H 3 40 4
.H 4 40 5
.H 5 40 6
.H 6 40 7
.H 7 40 8
.H 8 40 9
.H 9 40 10
.H 10 40 11
.H 11 40 12
.H 12 40 13
.H 13 40 14
.H 14 40 15
.H 15 40 16
.H 16 40 17
.H 17 40 18
.H 18 40 19
.H 19 40 20
.H 20 40 21
.H 21 40 22
.H 22 40 23
.H 23 40 24
.H 24 40 25
.H 25 40 26
.H 26 40 27
.H 27 40 28
.H 28 40 29
.H 29 40 30
.H 30 40 31
.H 31 40 32
.H 32 40 33
.H 33 40 34
.H 34 40 35
.H 35 40 36
.H 36 40 37
.H 37 40 38
.H 38 40 39
.H 39 40 40
.H 40 40 41
.H 41 40 42
.H 42 40 43
.H 43 40 44
.H 44 40 45
.H 45 40 46
.H 46 40 47
.H 47 40 48
.H 48 40 49
.H 49 19 50
.H 49 40 50
.H 50 19 51
.H 50 40 51
.H 51 2 52
.H 51 40 52
.H 52 12 53
.H 52 40 53
.H 53 12 54
.H 53 40 54
.H 54 12 55
.H 54 40 55
.H 55 23 56
.H 55 40 56
.H 56 29 57
.H 56 40 57
.H 57 29 58
.H 57 40 58
.H 58 29 59
.H 58 40 59
.H 59 29 60
.H 59 40 60
.H 60 29 61
.H 60 40 61
.H 61 29 62
.H 61 40 62
.H 62 29 63
.H 62 40 63
.H 63 29 64
.H 63 40 64
.H 64 29 65
.H 64 40 65
.H 65 29 66
.H 65 40 66
.H 66 29 67
.H 66 40 67
.H 67 32 68
.H 67 40 68
.H 68 32 69
.H 68 40 69
.H 69 32 70
.H 69 40 70
.H 70 32 71
.H 70 40 71
.H 71 32 72
.H 71 40 72
.H 72 32 73
.H 72 40 73
.H 73 32 74
.H 73 40 74
.H 74 32 75
.H 74 40 75
.H 75 32 76
.H 75 40 76
.H 76 32 77
.H 76 40 77
.H 77 32 78
.H 77 40 78
.H 78 32 79
.H 78 40 79
.H 79 32 80
.H 79 40 80
.H 80 32 81
.H 80 40 81
.H 81 32 82
.H 81 40 82
.H 82 32 83
.H 82 40 83
.H 83 32 84
.H 83 40 84
.H 84 32 85
.H 84 40 85
.H 85 32 86
.H 85 40 86
.H 86 32 87
.H 86 40 87
.H 87 32 88
.H 87 40 88
.H 88 32 89
.H 88 40 89
.end
.begin 3
.V 0 0 1
.V 0 1 8
.V 0 8 15
.V 0 15 22
.V 0 22 29
.V 0 29 36
.V 7 36 41
.V 28 36 39
.V 28 39 41
.V 40 9 16
.V 40 16 23
.V 40 23 30
.V 40 30 36
.V 40 36 39
.V 40 39 41
.V 43 0 5
.V 43 5 9
.V 45 0 3
.V 45 3 5
.V 55 3 10
.V 58 10 17
.V 58 17 20
.V 59 20 27
.V 62 27 37
.V 62 37 41
.H 0 36 1
.H 1 36 2
.H 2 36 3
.H 3 36 4
.H 4 36 5
.H 5 36 6
.H 6 36 7
.H 7 36 8
.H 8 36 9
.H 9 36 10
.H 10 36 11
.H 11 36 12
.H 12 36 13
.H 13 36 14
.H 14 36 15
.H 15 36 16
.H 16 36 17
.H 17 36 18
.H 18 36 19
.H 19 36 20
.H 20 36 21
.H 21 36 22
.H 22 36 23
.H 23 36 24
.H 24 36 25
.H 25 36 26
.H 26 36 27
.H 27 36 28
.H 28 36 29
.H 29 36 30
.H 30 36 31
.H 31 36 32
.H 32 36 33
.H 33 36 34
.H 34 36 35
.H 35 36 36
.H 36 36 37
.H 37 36 38
.H 38 36 39
.H 39 36 40
.H 40 9 41
.H 41 9 42
.H 42 9 43
.H 43 5 44
.H 44 5 45
.H 45 3 46
.H 46 3 47
.H 47 3 48
.H 48 3 49
.H 49 3 50
.H 50 3 51
.H 51 3 52
.H 52 3 53
.H 53 3 54
.H 54 3 55
.H 55 10 56
.H 56 10 57
.H 57 10 58
.H 58 20 59
.H 59 27 60
.H 60 27 61
.H 61 27 62
.end
.begin 4
.V 1 4 11
.V 1 11 18
.V 1 18 25
.V 1 25 32
.V 1 32 39
.V 1 39 41
.V 12 0 1
.V 12 1 4
.H 1 4 2
.H 2 4 3
.H 3 4 4
.H 4 4 5
.H 5 4 6
.H 6 4 7
.H 7 4 8
.H 8 4 9
.H 9 4 10
.H 10 4 11
.H 11 4 12
.end
.begin 5
.V 1 0 1
.V 4 0 1
.V 4 1 8
.V 4 8 15
.V 4 15 22
.V 5 22 29
.V 5 29 34
.V 10 34 41
.V 13 34 35
.V 13 35 41
.V 45 34 41
.V 48 34 35
.V 48 35 41
.H 1 1 2
.H 2 1 3
.H 3 1 4
.H 4 22 5
.H 5 34 6
.H 6 34 7
.H 7 34 8
.H 8 34 9
.H 9 34 10
.H 10 34 11
.H 11 34 12
.H 12 34 13
.H 13 34 14
.H 14 34 15
.H 15 34 16
.H 16 34 17
.H 17 34 18
.H 18 34 19
.H 19 34 20
.H 20 34 21
.H 21 34 22
.H 22 34 23
.H 23 34 24
.H 24 34 25
.H 25 34 26
.H 26 34 27
.H 27 34 28
.H 28 34 29
.H 29 34 30
.H 30 34 31
.H 31 34 32
.H 32 34 33
.H 33 34 34
.H 34 34 35
.H 35 34 36
.H 36 34 37
.H 37 34 38
.H 38 34 39
.H 39 34 40
.H 40 34 41
.H 41 34 42
.H 42 34 43
.H 43 34 44
.H 44 34 45
.H 45 34 46
.H 46 34 47
.H 47 34 48
.end
.begin 6
.V 2 39 41
.V 15 0 2
.V 15 2 9
.V 15 9 16
.V 15 16 20
.V 16 20 27
.V 17 27 31
.V 20 0 4
.V 20 4 31
.V 22 4 11
.V 22 11 18
.V 24 18 25
.V 25 4 11
.V 25 11 18
.V 25 18 25
.V 25 25 39
.V 31 0 4
.V 57 0 3
.V 57 3 4
.V 57 4 11
.V 57 11 18
.V 57 18 21
.V 58 21 28
.V 59 28 35
.V 68 35 41
.V 74 35 41
.V 76 0 5
.V 76 5 35
.V 100 5 12
.V 100 12 19
.V 100 19 22
.V 102 22 29
.V 107 29 34
.V 111 34 41
.V 119 0 5
.V 119 5 34
.V 119 34 37
.V 120 0 41
.H 2 39 3
.H 3 39 4
.H 4 39 5
.H 5 39 6
.H 6 39 7
.H 7 39 8
.H 8 39 9
.H 9 39 10
.H 10 39 11
.H 11 39 12
.H 12 39 13
.H 13 39 14
.H 14 39 15
.H 15 20 16
.H 15 39 16
.H 16 27 17
.H 16 39 17
.H 17 31 18
.H 17 39 18
.H 18 31 19
.H 18 39 19
.H 19 31 20
.H 19 39 20
.H 20 4 21
.H 20 39 21
.H 21 4 22
.H 21 39 22
.H 22 18 23
.H 22 39 23
.H 23 18 24
.H 23 39 24
.H 24 25 25
.H 24 39 25
.H 25 4 26
.H 26 4 27
.H 27 4 28
.H 28 4 29
.H 29 4 30
.H 30 4 31
.H 31 4 32
.H 32 4 33
.H 33 4 34
.H 34 4 35
.H 35 4 36
.H 36 4 37
.H 37 4 38
.H 38 4 39
.H 39 4 40
.H 40 4 41
.H 41 4 42
.H 42 4 43
.H 43 4 44
.H 44 4 45
.H 45 4 46
.H 46 4 47
.H 47 4 48
.H 48 4 49
.H 49 4 50
.H 50 4 51
.H 51 4 52
.H 52 4 53
.H 53 4 54
.H 54 4 55
.H 55 4 56
.H 56 4 57
.H 57 21 58
.H 58 28 59
.H 59 35 60
.H 60 35 61
.H 61 35 62
.H 62 35 63
.H 63 35 64
.H 64 35 65
.H 65 35 66
.H 66 35 67
.H 67 35 68
.H 68 35 69
.H 69 35 70
.H 70 35 71
.H 71 35 72
.H 72 35 73
.H 73 35 74
.H 74 35 75
.H 75 35 76
.H 76 5 77
.H 77 5 78
.H 78 5 79
.H 79 5 80
.H 80 5 81
.H 81 5 82
.H 82 5 83
.H 83 5 84
.H 84 5 85
.H 85 5 86
.H 86 5 87
.H 87 5 88
.H 88 5 89
.H 89 5 90
.H 90 5 91
.H 91 5 92
.H 92 5 93
.H 93 5 94
.H 94 5 95
.H 95 5 96
.H 96 5 97
.H 97 5 98
.H 98 5 99
.H 99 5 100
.H 100 22 101
.H 101 22 102
.H 102 29 103
.H 103 29 104
.H 104 29 105
.H 105 29 106
.H 106 29 107
.H 107 34 108
.H 108 34 109
.H 109 34 110
.H 110 34 111
.H 111 34 112
.H 112 34 113
.H 113 34 114
.H 114 34 115
.H 115 34 116
.H 116 34 117
.H 117 34 118
.H 118 34 119
.H 119 37 120
.end
.begin 7
.V 2 0 2
.V 8 0 2
.V 11 0 1
.V 11 1 2
.V 11 2 9
.V 11 9 16
.V 11 16 23
.V 11 23 29
.V 16 29 35
.V 16 35 41
.H 2 2 3
.H 3 2 4
.H 4 2 5
.H 5 2 6
.H 6 2 7
.H 7 2 8
.H 8 2 9
.H 9 2 10
.H 10 2 11
.H 11 29 12
.H 12 29 13
.H 13 29 14
.H 14 29 15
.H 15 29 16
.end
.begin 8
.V 3 24 31
.V 3 31 38
.V 3 38 41
.V 6 5 10
.V 6 10 17
.V 6 17 24
.V 14 0 1
.V 14 1 5
.V 19 0 1
.V 30 0 1
.V 58 0 1
.V 58 1 8
.V 59 8 15
.V 59 15 19
.V 61 19 26
.V 63 26 37
.V 63 37 41
.V 65 9 12
.V 65 12 19
.V 65 19 26
.V 71 0 3
.V 71 3 9
.V 71 9 16
.V 71 16 23
.V 71 23 27
.V 79 27 41
.V 91 27 32
.V 98 32 35
.V 101 35 39
.V 102 39 41
.V 110 0 5
.V 110 5 12
.V 110 12 17
.V 113 17 22
.V 116 22 29
.V 117 29 39
.V 125 32 39
.V 125 39 41
.V 127 26 32
.V 129 0 7
.V 129 7 26
.H 3 24 4
.H 4 24 5
.H 5 24 6
.H 6 5 7
.H 7 5 8
.H 8 5 9
.H 9 5 10
.H 10 5 11
.H 11 5 12
.H 12 5 13
.H 13 5 14
.H 14 1 15
.H 15 1 16
.H 16 1 17
.H 17 1 18
.H 18 1 19
.H 19 1 20
.H 20 1 21
.H 21 1 22
.H 22 1 23
.H 23 1 24
.H 24 1 25
.H 25 1 26
.H 26 1 27
.H 27 1 28
.H 28 1 29
.H 29 1 30
.H 30 1 31
.H 31 1 32
.H 32 1 33
.H 33 1 34
.H 34 1 35
.H 35 1 36
.H 36 1 37
.H 37 1 38
.H 38 1 39
.H 39 1 40
.H 40 1 41
.H 41 1 42
.H 42 1 43
.H 43 1 44
.H 44 1 45
.H 45 1 46
.H 46 1 47
.H 47 1 48
.H 48 1 49
.H 49 1 50
.H 50 1 51
.H 51 1 52
.H 52 1 53
.H 53 1 54
.H 54 1 55
.H 55 1 56
.H 56 1 57
.H 57 1 58
.H 58 8 59
.H 59 19 60
.H 60 19 61
.H 61 26 62
.H 62 26 63
.H 63 26 64
.H 64 26 65
.H 65 9 66
.H 66 9 67
.H 67 9 68
.H 68 9 69
.H 69 9 70
.H 70 9 71
.H 71 27 72
.H 72 27 73
.H 73 27 74
.H 74 27 75
.H 75 27 76
.H 76 27 77
.H 77 27 78
.H 78 27 79
.H 79 27 80
.H 80 27 81
.H 81 27 82
.H 82 27 83
.H 83 27 84
.H 84 27 85
.H 85 27 86
.H 86 27 87
.H 87 27 88
.H 88 27 89
.H 89 27 90
.H 90 27 91
.H 91 32 92
.H 92 32 93
.H 93 32 94
.H 94 32 95
.H 95 32 96
.H 96 32 97
.H 97 32 98
.H 98 35 99
.H 99 35 100
.H 100 35 101
.H 101 39 102
.H 102 39 103
.H 103 39 104
.H 104 39 105
.H 105 39 106
.H 106 39 107
.H 107 39 108
.H 108 39 109
.H 109 39 110
.H 110 17 111
.H 110 39 111
.H 111 17 112
.H 111 39 112
.H 112 17 113
.H 112 39 113
.H 113 22 114
.H 113 39 114
.H 114 22 115
.H 114 39 115
.H 115 22 116
.H 115 39 116
.H 116 29 117
.H 116 39 117
.H 117 39 118
.H 118 39 119
.H 119 39 120
.H 120 39 121
.H 121 39 122
.H 122 39 123
.H 123 39 124
.H 124 39 125
.H 125 32 126
.H 126 32 127
.H 127 26 128
.H 128 26 129
.end
.begin 9
.V 3 0 3
.V 3 3 10
.V 3 10 17
.V 3 17 23
.V 4 23 30
.V 4 30 37
.V 8 37 41
.V 41 37 39
.V 41 39 41
.V 48 0 2
.V 48 2 9
.V 48 9 16
.V 48 16 20
.V 49 20 27
.V 50 0 2
.V 50 2 27
.V 52 27 37
.V 55 37 41
.H 3 23 4
.H 4 37 5
.H 5 37 6
.H 6 37 7
.H 7 37 8
.H 8 37 9
.H 9 37 10
.H 10 37 11
.H 11 37 12
.H 12 37 13
.H 13 37 14
.H 14 37 15
.H 15 37 16
.H 16 37 17
.H 17 37 18
.H 18 37 19
.H 19 37 20
.H 20 37 21
.H 21 37 22
.H 22 37 23
.H 23 37 24
.H 24 37 25
.H 25 37 26
.H 26 37 27
.H 27 37 28
.H 28 37 29
.H 29 37 30
.H 30 37 31
.H 31 37 32
.H 32 37 33
.H 33 37 34
.H 34 37 35
.H 35 37 36
.H 36 37 37
.H 37 37 38
.H 38 37 39
.H 39 37 40
.H 40 37 41
.H 41 37 42
.H 42 37 43
.H 43 37 44
.H 44 37 45
.H 45 37 46
.H 46 37 47
.H 47 37 48
.H 48 20 49
.H 48 37 49
.H 49 27 50
.H 49 37 50
.H 50 27 51
.H 50 37 51
.H 51 27 52
.H 51 37 52
.H 52 37 53
.H 53 37 54
.H 54 37 55
.end
.begin 10
.V 4 38 41
.V 27 38 39
.V 27 39 41
.H 4 38 5
.H 5 38 6
.H 6 38 7
.H 7 38 8
.H 8 38 9
.H 9 38 10
.H 10 38 11
.H 11 38 12
.H 12 38 13
.H 13 38 14
.H 14 38 15
.H 15 38 16
.H 16 38 17
.H 17 38 18
.H 18 38 19
.H 19 38 20
.H 20 38 21
.H 21 38 22
.H 22 38 23
.H 23 38 24
.H 24 38 25
.H 25 38 26
.H 26 38 27
.end
.begin 11
.V 5 35 41
.V 12 8 14
.V 12 14 21
.V 12 21 28
.V 12 28 35
.V 12 35 41
.V 17 3 8
.V 21 0 3
.V 21 3 10
.V 21 10 17
.V 21 17 24
.V 21 24 30
.V 27 30 33
.V 29 33 39
.V 29 39 41
.V 33 0 9
.V 33 9 39
.V 33 39 41
.V 35 39 41
.V 39 39 41
.H 5 35 6
.H 6 35 7
.H 7 35 8
.H 8 35 9
.H 9 35 10
.H 10 35 11
.H 11 35 12
.H 12 8 13
.H 13 8 14
.H 14 8 15
.H 15 8 16
.H 16 8 17
.H 17 3 18
.H 18 3 19
.H 19 3 20
.H 20 3 21
.H 21 30 22
.H 22 30 23
.H 23 30 24
.H 24 30 25
.H 25 30 26
.H 26 30 27
.H 27 33 28
.H 28 33 29
.H 29 39 30
.H 30 39 31
.H 31 39 32
.H 32 39 33
.H 33 39 34
.H 34 39 35
.H 35 39 36
.H 36 39 37
.H 37 39 38
.H 38 39 39
.end
.begin 12
.V 5 0 1
.V 9 0 1
.V 9 1 8
.V 9 8 15
.V 9 15 22
.V 9 22 29
.V 9 29 32
.V 17 32 35
.V 17 35 41
.H 5 1 6
.H 6 1 7
.H 7 1 8
.H 8 1 9
.H 9 32 10
.H 10 32 11
.H 11 32 12
.H 12 32 13
.H 13 32 14
.H 14 32 15
.H 15 32 16
.H 16 32 17
.end
.begin 13
.V 6 26 33
.V 6 33 41
.V 7 7 12
.V 7 12 19
.V 7 19 26
.V 13 0 1
.V 13 1 7
.H 6 26 7
.H 7 7 8
.H 8 7 9
.H 9 7 10
.H 10 7 11
.H 11 7 12
.H 12 7 13
.end
.begin 14
.V 6 0 3
.V 10 0 1
.V 10 1 3
.V 10 3 10
.V 10 10 17
.V 10 17 24
.V 10 24 31
.V 14 31 35
.V 14 35 41
.V 15 21 28
.V 15 28 35
.V 15 35 41
.V 17 9 14
.V 17 14 21
.V 18 0 4
.V 18 4 9
.H 6 3 7
.H 7 3 8
.H 8 3 9
.H 9 3 10
.H 10 31 11
.H 11 31 12
.H 12 31 13
.H 13 31 14
.H 14 35 15
.H 15 21 16
.H 16 21 17
.H 17 9 18
.end
.begin 15
.V 7 0 6
.V 16 0 2
.V 16 2 6
.H 7 6 8
.H 8 6 9
.H 9 6 10
.H 10 6 11
.H 11 6 12
.H 12 6 13
.H 13 6 14
.H 14 6 15
.H 15 6 16
.end
.begin 16
.V 9 33 41
.V 26 0 5
.V 26 5 33
.V 26 33 39
.V 26 39 41
.V 28 0 2
.V 28 2 5
.V 34 2 9
.V 34 9 16
.V 34 16 23
.V 34 23 30
.V 34 30 33
.V 35 33 38
.V 42 38 39
.V 42 39 41
.H 9 33 10
.H 10 33 11
.H 11 33 12
.H 12 33 13
.H 13 33 14
.H 14 33 15
.H 15 33 16
.H 16 33 17
.H 17 33 18
.H 18 33 19
.H 19 33 20
.H 20 33 21
.H 21 33 22
.H 22 33 23
.H 23 33 24
.H 24 33 25
.H 25 33 26
.H 26 5 27
.H 27 5 28
.H 28 2 29
.H 29 2 30
.H 30 2 31
.H 31 2 32
.H 32 2 33
.H 33 2 34
.H 34 33 35
.H 35 38 36
.H 36 38 37
.H 37 38 38
.H 38 38 39
.H 39 38 40
.H 40 38 41
.H 41 38 42
.end
.begin 17
.V 11 30 41
.V 18 30 35
.V 18 35 41
.H 11 30 12
.H 12 30 13
.H 13 30 14
.H 14 30 15
.H 15 30 16
.H 16 30 17
.H 17 30 18
.end
.begin 18
.V 17 0 2
.V 25 0 2
.V 27 0 2
.H 17 2 18
.H 18 2 19
.H 19 2 20
.H 20 2 21
.H 21 2 22
.H 22 2 23
.H 23 2 24
.H 24 2 25
.H 25 2 26
.H 26 2 27
.end
.begin 19
.V 19 35 41
.V 47 22 28
.V 47 28 35
.V 53 15 22
.V 56 0 3
.V 56 3 15
.V 56 15 22
.V 57 22 28
.V 57 28 31
.V 65 31 37
.V 67 37 41
.V 75 0 3
.V 75 3 37
.V 75 37 41
.V 99 3 10
.V 99 10 17
.V 99 17 22
.V 99 22 26
.V 105 26 31
.V 110 26 31
.V 110 31 41
.V 117 21 26
.V 118 0 5
.V 118 5 21
.V 118 21 28
.V 118 28 31
.V 121 0 41
.H 19 35 20
.H 20 35 21
.H 21 35 22
.H 22 35 23
.H 23 35 24
.H 24 35 25
.H 25 35 26
.H 26 35 27
.H 27 35 28
.H 28 35 29
.H 29 35 30
.H 30 35 31
.H 31 35 32
.H 32 35 33
.H 33 35 34
.H 34 35 35
.H 35 35 36
.H 36 35 37
.H 37 35 38
.H 38 35 39
.H 39 35 40
.H 40 35 41
.H 41 35 42
.H 42 35 43
.H 43 35 44
.H 44 35 45
.H 45 35 46
.H 46 35 47
.H 47 22 48
.H 48 22 49
.H 49 22 50
.H 50 22 51
.H 51 22 52
.H 52 22 53
.H 53 15 54
.H 54 15 55
.H 55 15 56
.H 56 22 57
.H 57 31 58
.H 58 31 59
.H 59 31 60
.H 60 31 61
.H 61 31 62
.H 62 31 63
.H 63 31 64
.H 64 31 65
.H 65 37 66
.H 66 37 67
.H 67 37 68
.H 68 37 69
.H 69 37 70
.H 70 37 71
.H 71 37 72
.H 72 37 73
.H 73 37 74
.H 74 37 75
.H 75 3 76
.H 76 3 77
.H 77 3 78
.H 78 3 79
.H 79 3 80
.H 80 3 81
.H 81 3 82
.H 82 3 83
.H 83 3 84
.H 84 3 85
.H 85 3 86
.H 86 3 87
.H 87 3 88
.H 88 3 89
.H 89 3 90
.H 90 3 91
.H 91 3 92
.H 92 3 93
.H 93 3 94
.H 94 3 95
.H 95 3 96
.H 96 3 97
.H 97 3 98
.H 98 3 99
.H 99 26 100
.H 100 26 101
.H 101 26 102
.H 102 26 103
.H 103 26 104
.H 104 26 105
.H 105 31 106
.H 106 31 107
.H 107 31 108
.H 108 31 109
.H 109 31 110
.H 110 26 111
.H 111 26 112
.H 112 26 113
.H 113 26 114
.H 114 26 115
.H 115 26 116
.H 116 26 117
.H 117 21 118
.H 118 31 119
.H 119 31 120
.H 120 31 121
.end
.begin 20
.V 21 31 41
.V 29 10 17
.V 29 17 24
.V 29 24 31
.V 30 6 10
.V 38 0 6
.V 42 6 13
.V 42 13 20
.V 42 20 25
.V 43 25 30
.V 50 30 34
.V 50 34 41
.V 57 34 37
.V 57 37 41
.V 91 34 37
.V 93 34 37
.V 93 37 41
.V 96 0 7
.V 96 7 34
.V 105 0 3
.V 105 3 7
.V 107 0 3
.V 134 0 3
.V 143 0 3
.V 154 0 3
.V 165 0 1
.V 165 1 3
.H 21 31 22
.H 22 31 23
.H 23 31 24
.H 24 31 25
.H 25 31 26
.H 26 31 27
.H 27 31 28
.H 28 31 29
.H 29 10 30
.H 30 6 31
.H 31 6 32
.H 32 6 33
.H 33 6 34
.H 34 6 35
.H 35 6 36
.H 36 6 37
.H 37 6 38
.H 38 6 39
.H 39 6 40
.H 40 6 41
.H 41 6 42
.H 42 25 43
.H 43 30 44
.H 44 30 45
.H 45 30 46
.H 46 30 47
.H 47 30 48
.H 48 30 49
.H 49 30 50
.H 50 34 51
.H 51 34 52
.H 52 34 53
.H 53 34 54
.H 54 34 55
.H 55 34 56
.H 56 34 57
.H 57 34 58
.H 58 34 59
.H 59 34 60
.H 60 34 61
.H 61 34 62
.H 62 34 63
.H 63 34 64
.H 64 34 65
.H 65 34 66
.H 66 34 67
.H 67 34 68
.H 68 34 69
.H 69 34 70
.H 70 34 71
.H 71 34 72
.H 72 34 73
.H 73 34 74
.H 74 34 75
.H 75 34 76
.H 76 34 77
.H 77 34 78
.H 78 34 79
.H 79 34 80
.H 80 34 81
.H 81 34 82
.H 82 34 83
.H 83 34 84
.H 84 34 85
.H 85 34 86
.H 86 34 87
.H 87 34 88
.H 88 34 89
.H 89 34 90
.H 90 34 91
.H 91 37 92
.H 92 37 93
.H 93 34 94
.H 94 34 95
.H 95 34 96
.H 96 7 97
.H 97 7 98
.H 98 7 99
.H 99 7 100
.H 100 7 101
.H 101 7 102
.H 102 7 103
.H 103 7 104
.H 104 7 105
.H 105 3 106
.H 106 3 107
.H 107 3 108
.H 108 3 109
.H 109 3 110
.H 110 3 111
.H 111 3 112
.H 112 3 113
.H 113 3 114
.H 114 3 115
.H 115 3 116
.H 116 3 117
.H 117 3 118
.H 118 3 119
.H 119 3 120
.H 120 3 121
.H 121 3 122
.H 122 3 123
.H 123 3 124
.H 124 3 125
.H 125 3 126
.H 126 3 127
.H 127 3 128
.H 128 3 129
.H 129 3 130
.H 130 3 131
.H 131 3 132
.H 132 3 133
.H 133 3 134
.H 134 3 135
.H 135 3 136
.H 136 3 137
.H 137 3 138
.H 138 3 139
.H 139 3 140
.H 140 3 141
.H 141 3 142
.H 142 3 143
.H 143 3 144
.H 144 3 145
.H 145 3 146
.H 146 3 147
.H 147 3 148
.H 148 3 149
.H 149 3 150
.H 150 3 151
.H 151 3 152
.H 152 3 153
.H 153 3 154
.H 154 3 155
.H 155 3 156
.H 156 3 157
.H 157 3 158
.H 158 3 159
.H 159 3 160
.H 160 3 161
.H 161 3 162
.H 162 3 163
.H 163 3 164
.H 164 3 165
.end
.begin 21
.V 22 19 22
.V 22 22 29
.V 22 29 41
.V 23 0 4
.V 23 4 19
.H 22 19 23
.end
.begin 22
.V 22 0 3
.V 42 0 3
.V 44 0 3
.H 22 3 23
.H 23 3 24
.H 24 3 25
.H 25 3 26
.H 26 3 27
.H 27 3 28
.H 28 3 29
.H 29 3 30
.H 30 3 31
.H 31 3 32
.H 32 3 33
.H 33 3 34
.H 34 3 35
.H 35 3 36
.H 36 3 37
.H 37 3 38
.H 38 3 39
.H 39 3 40
.H 40 3 41
.H 41 3 42
.H 42 3 43
.H 43 3 44
.end
.begin 23
.V 23 29 41
.V 28 8 15
.V 28 15 22
.V 28 22 29
.V 29 5 8
.V 36 0 5
.V 41 5 12
.V 41 12 19
.V 41 19 26
.V 42 26 31
.V 43 31 38
.V 52 38 41
.V 54 0 2
.V 54 2 38
.V 59 38 41
.V 91 38 41
.V 109 0 5
.V 109 5 12
.V 109 12 18
.V 110 18 25
.V 112 25 38
.H 23 29 24
.H 24 29 25
.H 25 29 26
.H 26 29 27
.H 27 29 28
.H 28 8 29
.H 29 5 30
.H 30 5 31
.H 31 5 32
.H 32 5 33
.H 33 5 34
.H 34 5 35
.H 35 5 36
.H 36 5 37
.H 37 5 38
.H 38 5 39
.H 39 5 40
.H 40 5 41
.H 41 26 42
.H 42 31 43
.H 43 38 44
.H 44 38 45
.H 45 38 46
.H 46 38 47
.H 47 38 48
.H 48 38 49
.H 49 38 50
.H 50 38 51
.H 51 38 52
.H 52 38 53
.H 53 38 54
.H 54 38 55
.H 55 38 56
.H 56 38 57
.H 57 38 58
.H 58 38 59
.H 59 38 60
.H 60 38 61
.H 61 38 62
.H 62 38 63
.H 63 38 64
.H 64 38 65
.H 65 38 66
.H 66 38 67
.H 67 38 68
.H 68 38 69
.H 69 38 70
.H 70 38 71
.H 71 38 72
.H 72 38 73
.H 73 38 74
.H 74 38 75
.H 75 38 76
.H 76 38 77
.H 77 38 78
.H 78 38 79
.H 79 38 80
.H 80 38 81
.H 81 38 82
.H 82 38 83
.H 83 38 84
.H 84 38 85
.H 85 38 86
.H 86 38 87
.H 87 38 88
.H 88 38 89
.H 89 38 90
.H 90 38 91
.H 91 38 92
.H 92 38 93
.H 93 38 94
.H 94 38 95
.H 95 38 96
.H 96 38 97
.H 97 38 98
.H 98 38 99
.H 99 38 100
.H 100 38 101
.H 101 38 102
.H 102 38 103
.H 103 38 104
.H 104 38 105
.H 105 38 106
.H 106 38 107
.H 107 38 108
.H 108 38 109
.H 109 18 110
.H 109 38 110
.H 110 25 111
.H 110 38 111
.H 111 25 112
.H 111 38 112
.end
.begin 24
.V 24 28 41
.V 27 7 14
.V 27 14 21
.V 27 21 28
.V 35 0 2
.V 35 2 7
.V 46 2 9
.V 46 9 16
.V 46 16 23
.V 46 23 29
.V 53 29 30
.V 53 30 41
.V 60 37 41
.V 61 30 37
.V 90 40 41
.V 98 0 9
.V 98 9 30
.V 102 9 16
.V 102 16 21
.V 103 0 1
.V 103 1 21
.V 107 37 40
.V 113 33 37
.V 114 1 33
.V 132 0 1
.V 141 0 1
.V 145 0 1
.V 152 0 1
.V 163 0 1
.H 24 28 25
.H 25 28 26
.H 26 28 27
.H 27 7 28
.H 28 7 29
.H 29 7 30
.H 30 7 31
.H 31 7 32
.H 32 7 33
.H 33 7 34
.H 34 7 35
.H 35 2 36
.H 36 2 37
.H 37 2 38
.H 38 2 39
.H 39 2 40
.H 40 2 41
.H 41 2 42
.H 42 2 43
.H 43 2 44
.H 44 2 45
.H 45 2 46
.H 46 29 47
.H 47 29 48
.H 48 29 49
.H 49 29 50
.H 50 29 51
.H 51 29 52
.H 52 29 53
.H 53 30 54
.H 54 30 55
.H 55 30 56
.H 56 30 57
.H 57 30 58
.H 58 30 59
.H 59 30 60
.H 60 30 61
.H 60 37 61
.H 61 30 62
.H 62 30 63
.H 63 30 64
.H 64 30 65
.H 65 30 66
.H 66 30 67
.H 67 30 68
.H 68 30 69
.H 69 30 70
.H 70 30 71
.H 71 30 72
.H 72 30 73
.H 73 30 74
.H 74 30 75
.H 75 30 76
.H 76 30 77
.H 77 30 78
.H 78 30 79
.H 79 30 80
.H 80 30 81
.H 81 30 82
.H 82 30 83
.H 83 30 84
.H 84 30 85
.H 85 30 86
.H 86 30 87
.H 87 30 88
.H 88 30 89
.H 89 30 90
.H 90 30 91
.H 90 40 91
.H 91 30 92
.H 91 40 92
.H 92 30 93
.H 92 40 93
.H 93 30 94
.H 93 40 94
.H 94 30 95
.H 94 40 95
.H 95 30 96
.H 95 40 96
.H 96 30 97
.H 96 40 97
.H 97 30 98
.H 97 40 98
.H 98 9 99
.H 98 40 99
.H 99 9 100
.H 99 40 100
.H 100 9 101
.H 100 40 101
.H 101 9 102
.H 101 40 102
.H 102 21 103
.H 102 40 103
.H 103 1 104
.H 103 40 104
.H 104 1 105
.H 104 40 105
.H 105 1 106
.H 105 40 106
.H 106 1 107
.H 106 40 107
.H 107 1 108
.H 107 37 108
.H 108 1 109
.H 108 37 109
.H 109 1 110
.H 109 37 110
.H 110 1 111
.H 110 37 111
.H 111 1 112
.H 111 37 112
.H 112 1 113
.H 112 37 113
.H 113 1 114
.H 113 33 114
.H 114 1 115
.H 115 1 116
.H 116 1 117
.H 117 1 118
.H 118 1 119
.H 119 1 120
.H 120 1 121
.H 121 1 122
.H 122 1 123
.H 123 1 124
.H 124 1 125
.H 125 1 126
.H 126 1 127
.H 127 1 128
.H 128 1 129
.H 129 1 130
.H 130 1 131
.H 131 1 132
.H 132 1 133
.H 133 1 134
.H 134 1 135
.H 135 1 136
.H 136 1 137
.H 137 1 138
.H 138 1 139
.H 139 1 140
.H 140 1 141
.H 141 1 142
.H 142 1 143
.H 143 1 144
.H 144 1 145
.H 145 1 146
.H 146 1 147
.H 147 1 148
.H 148 1 149
.H 149 1 150
.H 150 1 151
.H 151 1 152
.H 152 1 153
.H 153 1 154
.H 154 1 155
.H 155 1 156
.H 156 1 157
.H 157 1 158
.H 158 1 159
.H 159 1 160
.H 160 1 161
.H 161 1 162
.H 162 1 163
.end
.begin 25
.V 30 33 38
.V 30 38 41
.V 31 12 19
.V 31 19 26
.V 31 26 33
.V 35 9 12
.V 37 0 7
.V 37 7 9
.H 30 33 31
.H 31 12 32
.H 32 12 33
.H 33 12 34
.H 34 12 35
.H 35 9 36
.H 36 9 37
.end
.begin 26
.V 32 0 9
.V 32 9 38
.V 32 38 41
.V 34 38 41
.H 32 38 33
.H 33 38 34
.end
.begin 27
.V 37 33 41
.V 44 33 41
.V 60 0 1
.V 60 1 33
.V 70 33 41
.V 85 0 1
.V 85 1 33
.H 37 33 38
.H 38 33 39
.H 39 33 40
.H 40 33 41
.H 41 33 42
.H 42 33 43
.H 43 33 44
.H 44 33 45
.H 45 33 46
.H 46 33 47
.H 47 33 48
.H 48 33 49
.H 49 33 50
.H 50 33 51
.H 51 33 52
.H 52 33 53
.H 53 33 54
.H 54 33 55
.H 55 33 56
.H 56 33 57
.H 57 33 58
.H 58 33 59
.H 59 33 60
.H 60 33 61
.H 61 33 62
.H 62 33 63
.H 63 33 64
.H 64 33 65
.H 65 33 66
.H 66 33 67
.H 67 33 68
.H 68 33 69
.H 69 33 70
.H 70 33 71
.H 71 33 72
.H 72 33 73
.H 73 33 74
.H 74 33 75
.H 75 33 76
.H 76 33 77
.H 77 33 78
.H 78 33 79
.H 79 33 80
.H 80 33 81
.H 81 33 82
.H 82 33 83
.H 83 33 84
.H 84 33 85
.end
.begin 28
.V 38 32 41
.V 66 32 41
.H 38 32 39
.H 39 32 40
.H 40 32 41
.H 41 32 42
.H 42 32 43
.H 43 32 44
.H 44 32 45
.H 45 32 46
.H 46 32 47
.H 47 32 48
.H 48 32 49
.H 49 32 50
.H 50 32 51
.H 51 32 52
.H 52 32 53
.H 53 32 54
.H 54 32 55
.H 55 32 56
.H 56 32 57
.H 57 32 58
.H 58 32 59
.H 59 32 60
.H 60 32 61
.H 61 32 62
.H 62 32 63
.H 63 32 64
.H 64 32 65
.H 65 32 66
.end
.begin 29
.V 40 0 7
.V 47 7 14
.V 47 14 21
.V 48 21 28
.V 49 28 35
.V 58 35 37
.V 58 37 41
.H 40 7 41
.H 41 7 42
.H 42 7 43
.H 43 7 44
.H 44 7 45
.H 45 7 46
.H 46 7 47
.H 47 21 48
.H 48 28 49
.H 49 35 50
.H 50 35 51
.H 51 35 52
.H 52 35 53
.H 53 35 54
.H 54 35 55
.H 55 35 56
.H 56 35 57
.H 57 35 58
.end
.begin 30
.V 43 39 41
.V 59 0 1
.V 59 1 7
.V 61 7 14
.V 61 14 18
.V 62 18 25
.V 64 7 11
.V 64 11 18
.V 64 18 25
.V 64 25 39
.V 64 39 41
.V 72 0 3
.V 72 3 7
.V 72 7 14
.V 72 14 17
.V 73 17 24
.V 78 24 41
.V 100 24 31
.V 102 31 36
.V 103 33 36
.V 103 36 41
.V 111 0 5
.V 111 5 33
.V 116 5 12
.V 123 12 19
.V 123 19 26
.V 124 19 26
.V 124 26 37
.V 124 37 41
.V 128 0 7
.V 128 7 19
.H 43 39 44
.H 44 39 45
.H 45 39 46
.H 46 39 47
.H 47 39 48
.H 48 39 49
.H 49 39 50
.H 50 39 51
.H 51 39 52
.H 52 39 53
.H 53 39 54
.H 54 39 55
.H 55 39 56
.H 56 39 57
.H 57 39 58
.H 58 39 59
.H 59 7 60
.H 59 39 60
.H 60 7 61
.H 60 39 61
.H 61 18 62
.H 61 39 62
.H 62 25 63
.H 62 39 63
.H 63 25 64
.H 63 39 64
.H 64 7 65
.H 65 7 66
.H 66 7 67
.H 67 7 68
.H 68 7 69
.H 69 7 70
.H 70 7 71
.H 71 7 72
.H 72 17 73
.H 73 24 74
.H 74 24 75
.H 75 24 76
.H 76 24 77
.H 77 24 78
.H 78 24 79
.H 79 24 80
.H 80 24 81
.H 81 24 82
.H 82 24 83
.H 83 24 84
.H 84 24 85
.H 85 24 86
.H 86 24 87
.H 87 24 88
.H 88 24 89
.H 89 24 90
.H 90 24 91
.H 91 24 92
.H 92 24 93
.H 93 24 94
.H 94 24 95
.H 95 24 96
.H 96 24 97
.H 97 24 98
.H 98 24 99
.H 99 24 100
.H 100 31 101
.H 101 31 102
.H 102 36 103
.H 103 33 104
.H 104 33 105
.H 105 33 106
.H 106 33 107
.H 107 33 108
.H 108 33 109
.H 109 33 110
.H 110 33 111
.H 111 5 112
.H 112 5 113
.H 113 5 114
.H 114 5 115
.H 115 5 116
.H 116 12 117
.H 117 12 118
.H 118 12 119
.H 119 12 120
.H 120 12 121
.H 121 12 122
.H 122 12 123
.H 123 26 124
.H 124 19 125
.H 125 19 126
.H 126 19 127
.H 127 19 128
.end
.begin 31
.V 46 31 41
.V 55 24 31
.V 63 5 10
.V 63 10 17
.V 63 17 24
.V 66 0 5
.V 70 0 3
.V 70 3 5
.V 70 5 12
.V 70 12 19
.V 70 19 26
.V 80 19 26
.V 80 26 41
.V 81 0 2
.V 81 2 19
.V 83 0 1
.V 83 1 2
.V 83 2 9
.V 83 9 16
.V 84 16 20
.V 88 13 20
.V 88 20 21
.V 88 21 41
.V 90 0 2
.V 90 2 13
.H 46 31 47
.H 47 31 48
.H 48 31 49
.H 49 31 50
.H 50 31 51
.H 51 31 52
.H 52 31 53
.H 53 31 54
.H 54 31 55
.H 55 24 56
.H 56 24 57
.H 57 24 58
.H 58 24 59
.H 59 24 60
.H 60 24 61
.H 61 24 62
.H 62 24 63
.H 63 5 64
.H 64 5 65
.H 65 5 66
.H 66 5 67
.H 67 5 68
.H 68 5 69
.H 69 5 70
.H 70 26 71
.H 71 26 72
.H 72 26 73
.H 73 26 74
.H 74 26 75
.H 75 26 76
.H 76 26 77
.H 77 26 78
.H 78 26 79
.H 79 26 80
.H 80 19 81
.H 81 2 82
.H 82 2 83
.H 83 16 84
.H 84 20 85
.H 85 20 86
.H 86 20 87
.H 87 20 88
.H 88 13 89
.H 89 13 90
.end
.begin 32
.V 51 20 23
.V 51 23 30
.V 51 30 41
.V 52 13 20
.V 53 0 2
.V 53 2 13
.H 51 20 52
.H 52 13 53
.end
.begin 33
.V 55 0 2
.V 80 0 1
.V 80 1 2
.V 82 0 1
.H 55 2 56
.H 56 2 57
.H 57 2 58
.H 58 2 59
.H 59 2 60
.H 60 2 61
.H 61 2 62
.H 62 2 63
.H 63 2 64
.H 64 2 65
.H 65 2 66
.H 66 2 67
.H 67 2 68
.H 68 2 69
.H 69 2 70
.H 70 2 71
.H 71 2 72
.H 72 2 73
.H 73 2 74
.H 74 2 75
.H 75 2 76
.H 76 2 77
.H 77 2 78
.H 78 2 79
.H 79 2 80
.H 80 1 81
.H 81 1 82
.end
.begin 34
.V 61 0 1
.V 76 37 41
.V 79 1 8
.V 79 8 15
.V 79 15 21
.V 81 21 26
.V 90 26 37
.H 61 1 62
.H 62 1 63
.H 63 1 64
.H 64 1 65
.H 65 1 66
.H 66 1 67
.H 67 1 68
.H 68 1 69
.H 69 1 70
.H 70 1 71
.H 71 1 72
.H 72 1 73
.H 73 1 74
.H 74 1 75
.H 75 1 76
.H 76 1 77
.H 76 37 77
.H 77 1 78
.H 77 37 78
.H 78 1 79
.H 78 37 79
.H 79 21 80
.H 79 37 80
.H 80 21 81
.H 80 37 81
.H 81 26 82
.H 81 37 82
.H 82 26 83
.H 82 37 83
.H 83 26 84
.H 83 37 84
.H 84 26 85
.H 84 37 85
.H 85 26 86
.H 85 37 86
.H 86 26 87
.H 86 37 87
.H 87 26 88
.H 87 37 88
.H 88 26 89
.H 88 37 89
.H 89 26 90
.H 89 37 90
.end
.begin 35
.V 62 0 3
.V 68 0 3
.V 68 3 10
.V 68 10 17
.V 68 17 24
.V 68 24 31
.V 71 31 41
.V 86 0 1
.V 86 1 31
.H 62 3 63
.H 63 3 64
.H 64 3 65
.H 65 3 66
.H 66 3 67
.H 67 3 68
.H 68 31 69
.H 69 31 70
.H 70 31 71
.H 71 31 72
.H 72 31 73
.H 73 31 74
.H 74 31 75
.H 75 31 76
.H 76 31 77
.H 77 31 78
.H 78 31 79
.H 79 31 80
.H 80 31 81
.H 81 31 82
.H 82 31 83
.H 83 31 84
.H 84 31 85
.H 85 31 86
.end
.begin 36
.V 63 0 4
.V 80 4 11
.V 80 11 18
.V 82 18 21
.V 84 21 41
.V 87 0 1
.V 87 1 21
.H 63 4 64
.H 64 4 65
.H 65 4 66
.H 66 4 67
.H 67 4 68
.H 68 4 69
.H 69 4 70
.H 70 4 71
.H 71 4 72
.H 72 4 73
.H 73 4 74
.H 74 4 75
.H 75 4 76
.H 76 4 77
.H 77 4 78
.H 78 4 79
.H 79 4 80
.H 80 18 81
.H 81 18 82
.H 82 21 83
.H 83 21 84
.H 84 21 85
.H 85 21 86
.H 86 21 87
.end
.begin 37
.V 64 0 6
.V 73 0 3
.V 73 3 6
.H 64 6 65
.H 65 6 66
.H 66 6 67
.H 67 6 68
.H 68 6 69
.H 69 6 70
.H 70 6 71
.H 71 6 72
.H 72 6 73
.end
.begin 38
.V 65 39 41
.V 69 0 3
.V 69 3 10
.V 69 10 17
.V 69 17 24
.V 69 24 28
.V 95 28 35
.V 96 35 39
.H 65 39 66
.H 66 39 67
.H 67 39 68
.H 68 39 69
.H 69 28 70
.H 69 39 70
.H 70 28 71
.H 70 39 71
.H 71 28 72
.H 71 39 72
.H 72 28 73
.H 72 39 73
.H 73 28 74
.H 73 39 74
.H 74 28 75
.H 74 39 75
.H 75 28 76
.H 75 39 76
.H 76 28 77
.H 76 39 77
.H 77 28 78
.H 77 39 78
.H 78 28 79
.H 78 39 79
.H 79 28 80
.H 79 39 80
.H 80 28 81
.H 80 39 81
.H 81 28 82
.H 81 39 82
.H 82 28 83
.H 82 39 83
.H 83 28 84
.H 83 39 84
.H 84 28 85
.H 84 39 85
.H 85 28 86
.H 85 39 86
.H 86 28 87
.H 86 39 87
.H 87 28 88
.H 87 39 88
.H 88 28 89
.H 88 39 89
.H 89 28 90
.H 89 39 90
.H 90 28 91
.H 90 39 91
.H 91 28 92
.H 91 39 92
.H 92 28 93
.H 92 39 93
.H 93 28 94
.H 93 39 94
.H 94 28 95
.H 94 39 95
.H 95 35 96
.H 95 39 96
.end
.begin 39
.V 65 0 8
.V 67 0 8
.V 73 8 15
.V 77 15 22
.V 82 22 35
.V 82 35 41
.V 90 15 22
.V 91 0 2
.V 91 2 15
.V 91 15 22
.V 97 22 28
.V 98 36 41
.V 99 28 36
.V 100 32 36
.V 100 36 39
.V 100 39 41
.V 101 0 3
.V 101 3 32
.H 65 8 66
.H 66 8 67
.H 67 8 68
.H 68 8 69
.H 69 8 70
.H 70 8 71
.H 71 8 72
.H 72 8 73
.H 73 15 74
.H 74 15 75
.H 75 15 76
.H 76 15 77
.H 77 22 78
.H 78 22 79
.H 79 22 80
.H 80 22 81
.H 81 22 82
.H 82 22 83
.H 83 22 84
.H 84 22 85
.H 85 22 86
.H 86 22 87
.H 87 22 88
.H 88 22 89
.H 89 22 90
.H 90 15 91
.H 91 22 92
.H 92 22 93
.H 93 22 94
.H 94 22 95
.H 95 22 96
.H 96 22 97
.H 97 28 98
.H 98 28 99
.H 98 36 99
.H 99 36 100
.H 100 32 101
.end
.begin 40
.V 69 29 41
.V 97 29 39
.V 97 39 41
.V 99 39 41
.H 69 29 70
.H 70 29 71
.H 71 29 72
.H 72 29 73
.H 73 29 74
.H 74 29 75
.H 75 29 76
.H 76 29 77
.H 77 29 78
.H 78 29 79
.H 79 29 80
.H 80 29 81
.H 81 29 82
.H 82 29 83
.H 83 29 84
.H 84 29 85
.H 85 29 86
.H 86 29 87
.H 87 29 88
.H 88 29 89
.H 89 29 90
.H 90 29 91
.H 91 29 92
.H 92 29 93
.H 93 29 94
.H 94 29 95
.H 95 29 96
.H 96 29 97
.H 97 39 98
.H 98 39 99
.end
.begin 41
.V 72 18 25
.V 72 25 41
.V 74 0 3
.V 74 3 18
.H 72 18 73
.H 73 18 74
.end
.begin 42
.V 73 25 41
.V 103 25 32
.V 105 32 35
.V 114 35 37
.V 114 37 41
.V 116 37 38
.V 116 38 41
.H 73 25 74
.H 74 25 75
.H 75 25 76
.H 76 25 77
.H 77 25 78
.H 78 25 79
.H 79 25 80
.H 80 25 81
.H 81 25 82
.H 82 25 83
.H 83 25 84
.H 84 25 85
.H 85 25 86
.H 86 25 87
.H 87 25 88
.H 88 25 89
.H 89 25 90
.H 90 25 91
.H 91 25 92
.H 92 25 93
.H 93 25 94
.H 94 25 95
.H 95 25 96
.H 96 25 97
.H 97 25 98
.H 98 25 99
.H 99 25 100
.H 100 25 101
.H 101 25 102
.H 102 25 103
.H 103 32 104
.H 104 32 105
.H 105 35 106
.H 106 35 107
.H 107 35 108
.H 108 35 109
.H 109 35 110
.H 110 35 111
.H 111 35 112
.H 112 35 113
.H 113 35 114
.H 114 37 115
.H 115 37 116
.end
.begin 43
.V 77 35 41
.V 81 35 41
.H 77 35 78
.H 78 35 79
.H 79 35 80
.H 80 35 81
.end
.begin 44
.V 77 0 6
.V 135 6 13
.V 135 13 20
.V 135 20 27
.V 136 27 34
.V 146 34 37
.V 146 37 41
.V 148 37 40
.V 148 40 41
.H 77 6 78
.H 78 6 79
.H 79 6 80
.H 80 6 81
.H 81 6 82
.H 82 6 83
.H 83 6 84
.H 84 6 85
.H 85 6 86
.H 86 6 87
.H 87 6 88
.H 88 6 89
.H 89 6 90
.H 90 6 91
.H 91 6 92
.H 92 6 93
.H 93 6 94
.H 94 6 95
.H 95 6 96
.H 96 6 97
.H 97 6 98
.H 98 6 99
.H 99 6 100
.H 100 6 101
.H 101 6 102
.H 102 6 103
.H 103 6 104
.H 104 6 105
.H 105 6 106
.H 106 6 107
.H 107 6 108
.H 108 6 109
.H 109 6 110
.H 110 6 111
.H 111 6 112
.H 112 6 113
.H 113 6 114
.H 114 6 115
.H 115 6 116
.H 116 6 117
.H 117 6 118
.H 118 6 119
.H 119 6 120
.H 120 6 121
.H 121 6 122
.H 122 6 123
.H 123 6 124
.H 124 6 125
.H 125 6 126
.H 126 6 127
.H 127 6 128
.H 128 6 129
.H 129 6 130
.H 130 6 131
.H 131 6 132
.H 132 6 133
.H 133 6 134
.H 134 6 135
.H 135 27 136
.H 136 34 137
.H 137 34 138
.H 138 34 139
.H 139 34 140
.H 140 34 141
.H 141 34 142
.H 142 34 143
.H 143 34 144
.H 144 34 145
.H 145 34 146
.H 146 37 147
.H 147 37 148
.end
.begin 45
.V 78 0 7
.V 82 7 14
.V 82 14 17
.V 83 17 23
.V 91 23 26
.V 92 26 34
.V 92 34 41
.H 78 7 79
.H 79 7 80
.H 80 7 81
.H 81 7 82
.H 82 17 83
.H 83 23 84
.H 84 23 85
.H 85 23 86
.H 86 23 87
.H 87 23 88
.H 88 23 89
.H 89 23 90
.H 90 23 91
.H 91 26 92
.end
.begin 46
.V 83 35 41
.V 85 35 41
.V 92 0 2
.V 92 2 9
.V 92 9 16
.V 92 16 23
.V 94 23 35
.V 134 23 30
.V 135 30 37
.V 145 37 40
.V 145 40 41
.V 147 0 41
.H 83 35 84
.H 84 35 85
.H 85 35 86
.H 86 35 87
.H 87 35 88
.H 88 35 89
.H 89 35 90
.H 90 35 91
.H 91 35 92
.H 92 23 93
.H 92 35 93
.H 93 23 94
.H 93 35 94
.H 94 23 95
.H 95 23 96
.H 96 23 97
.H 97 23 98
.H 98 23 99
.H 99 23 100
.H 100 23 101
.H 101 23 102
.H 102 23 103
.H 103 23 104
.H 104 23 105
.H 105 23 106
.H 106 23 107
.H 107 23 108
.H 108 23 109
.H 109 23 110
.H 110 23 111
.H 111 23 112
.H 112 23 113
.H 113 23 114
.H 114 23 115
.H 115 23 116
.H 116 23 117
.H 117 23 118
.H 118 23 119
.H 119 23 120
.H 120 23 121
.H 121 23 122
.H 122 23 123
.H 123 23 124
.H 124 23 125
.H 125 23 126
.H 126 23 127
.H 127 23 128
.H 128 23 129
.H 129 23 130
.H 130 23 131
.H 131 23 132
.H 132 23 133
.H 133 23 134
.H 134 30 135
.H 135 37 136
.H 136 37 137
.H 137 37 138
.H 138 37 139
.H 139 37 140
.H 140 37 141
.H 141 37 142
.H 142 37 143
.H 143 37 144
.H 144 37 145
.H 145 40 146
.H 146 40 147
.end
.begin 47
.V 86 33 41
.V 93 0 2
.V 93 2 33
.V 100 0 2
.V 113 38 41
.V 115 2 38
.V 115 38 41
.H 86 33 87
.H 87 33 88
.H 88 33 89
.H 89 33 90
.H 90 33 91
.H 91 33 92
.H 92 33 93
.H 93 2 94
.H 94 2 95
.H 95 2 96
.H 96 2 97
.H 97 2 98
.H 98 2 99
.H 99 2 100
.H 100 2 101
.H 101 2 102
.H 102 2 103
.H 103 2 104
.H 104 2 105
.H 105 2 106
.H 106 2 107
.H 107 2 108
.H 108 2 109
.H 109 2 110
.H 110 2 111
.H 111 2 112
.H 112 2 113
.H 113 2 114
.H 113 38 114
.H 114 2 115
.H 114 38 115
.end
.begin 48
.V 87 31 41
.V 88 0 1
.V 88 1 8
.V 88 8 12
.V 89 12 31
.H 87 31 88
.H 88 12 89
.H 88 31 89
.end
.begin 49
.V 89 0 1
.V 102 1 5
.V 106 5 12
.V 108 12 19
.V 108 19 26
.V 109 19 26
.V 109 26 30
.V 109 30 41
.V 116 13 19
.V 117 0 5
.V 117 5 13
.V 117 13 20
.V 122 0 41
.H 89 1 90
.H 90 1 91
.H 91 1 92
.H 92 1 93
.H 93 1 94
.H 94 1 95
.H 95 1 96
.H 96 1 97
.H 97 1 98
.H 98 1 99
.H 99 1 100
.H 100 1 101
.H 101 1 102
.H 102 5 103
.H 103 5 104
.H 104 5 105
.H 105 5 106
.H 106 12 107
.H 107 12 108
.H 108 26 109
.H 109 19 110
.H 110 19 111
.H 111 19 112
.H 112 19 113
.H 113 19 114
.H 114 19 115
.H 115 19 116
.H 116 13 117
.H 117 20 118
.H 118 20 119
.H 119 20 120
.H 120 20 121
.H 121 20 122
.end
.begin 50
.V 94 0 4
.V 94 4 11
.V 94 11 18
.V 94 18 21
.V 95 21 27
.V 104 20 27
.V 104 27 36
.V 104 36 41
.V 106 13 20
.V 112 0 7
.V 112 7 13
.V 112 13 20
.V 112 20 24
.V 113 24 31
.V 116 31 35
.V 123 28 35
.V 123 35 37
.V 123 37 41
.V 126 25 28
.V 127 0 7
.V 127 7 25
.H 94 21 95
.H 95 27 96
.H 96 27 97
.H 97 27 98
.H 98 27 99
.H 99 27 100
.H 100 27 101
.H 101 27 102
.H 102 27 103
.H 103 27 104
.H 104 20 105
.H 105 20 106
.H 106 13 107
.H 107 13 108
.H 108 13 109
.H 109 13 110
.H 110 13 111
.H 111 13 112
.H 112 24 113
.H 113 31 114
.H 114 31 115
.H 115 31 116
.H 116 35 117
.H 117 35 118
.H 118 35 119
.H 119 35 120
.H 120 35 121
.H 121 35 122
.H 122 35 123
.H 123 28 124
.H 124 28 125
.H 125 28 126
.H 126 25 127
.end
.begin 51
.V 95 37 41
.V 104 0 3
.V 104 3 10
.V 104 10 17
.V 105 17 24
.V 106 24 37
.H 95 37 96
.H 96 37 97
.H 97 37 98
.H 98 37 99
.H 99 37 100
.H 100 37 101
.H 101 37 102
.H 102 37 103
.H 103 37 104
.H 104 17 105
.H 104 37 105
.H 105 24 106
.H 105 37 106
.end
.begin 52
.V 95 0 4
.V 106 0 4
.V 108 0 4
.V 135 0 4
.V 142 0 4
.V 155 0 4
.V 166 0 1
.V 166 1 4
.H 95 4 96
.H 96 4 97
.H 97 4 98
.H 98 4 99
.H 99 4 100
.H 100 4 101
.H 101 4 102
.H 102 4 103
.H 103 4 104
.H 104 4 105
.H 105 4 106
.H 106 4 107
.H 107 4 108
.H 108 4 109
.H 109 4 110
.H 110 4 111
.H 111 4 112
.H 112 4 113
.H 113 4 114
.H 114 4 115
.H 115 4 116
.H 116 4 117
.H 117 4 118
.H 118 4 119
.H 119 4 120
.H 120 4 121
.H 121 4 122
.H 122 4 123
.H 123 4 124
.H 124 4 125
.H 125 4 126
.H 126 4 127
.H 127 4 128
.H 128 4 129
.H 129 4 130
.H 130 4 131
.H 131 4 132
.H 132 4 133
.H 133 4 134
.H 134 4 135
.H 135 4 136
.H 136 4 137
.H 137 4 138
.H 138 4 139
.H 139 4 140
.H 140 4 141
.H 141 4 142
.H 142 4 143
.H 143 4 144
.H 144 4 145
.H 145 4 146
.H 146 4 147
.H 147 4 148
.H 148 4 149
.H 149 4 150
.H 150 4 151
.H 151 4 152
.H 152 4 153
.H 153 4 154
.H 154 4 155
.H 155 4 156
.H 156 4 157
.H 157 4 158
.H 158 4 159
.H 159 4 160
.H 160 4 161
.H 161 4 162
.H 162 4 163
.H 163 4 164
.H 164 4 165
.H 165 4 166
.end
.begin 53
.V 97 0 8
.V 107 8 15
.V 107 15 22
.V 107 22 28
.V 108 28 32
.V 118 32 38
.V 118 38 41
.H 97 8 98
.H 98 8 99
.H 99 8 100
.H 100 8 101
.H 101 8 102
.H 102 8 103
.H 103 8 104
.H 104 8 105
.H 105 8 106
.H 106 8 107
.H 107 28 108
.H 108 32 109
.H 109 32 110
.H 110 32 111
.H 111 32 112
.H 112 32 113
.H 113 32 114
.H 114 32 115
.H 115 32 116
.H 116 32 117
.H 117 32 118
.end
.begin 54
.V 105 36 41
.V 129 36 41
.V 131 36 41
.V 151 22 29
.V 151 29 36
.V 153 9 15
.V 153 15 22
.V 154 6 9
.V 160 0 2
.V 160 2 6
.V 160 6 13
.V 160 13 20
.V 160 20 27
.V 160 27 33
.V 163 33 37
.V 167 37 38
.V 167 38 41
.H 105 36 106
.H 106 36 107
.H 107 36 108
.H 108 36 109
.H 109 36 110
.H 110 36 111
.H 111 36 112
.H 112 36 113
.H 113 36 114
.H 114 36 115
.H 115 36 116
.H 116 36 117
.H 117 36 118
.H 118 36 119
.H 119 36 120
.H 120 36 121
.H 121 36 122
.H 122 36 123
.H 123 36 124
.H 124 36 125
.H 125 36 126
.H 126 36 127
.H 127 36 128
.H 128 36 129
.H 129 36 130
.H 130 36 131
.H 131 36 132
.H 132 36 133
.H 133 36 134
.H 134 36 135
.H 135 36 136
.H 136 36 137
.H 137 36 138
.H 138 36 139
.H 139 36 140
.H 140 36 141
.H 141 36 142
.H 142 36 143
.H 143 36 144
.H 144 36 145
.H 145 36 146
.H 146 36 147
.H 147 36 148
.H 148 36 149
.H 149 36 150
.H 150 36 151
.H 151 22 152
.H 152 22 153
.H 153 9 154
.H 154 6 155
.H 155 6 156
.H 156 6 157
.H 157 6 158
.H 158 6 159
.H 159 6 160
.H 160 33 161
.H 161 33 162
.H 162 33 163
.H 163 37 164
.H 164 37 165
.H 165 37 166
.H 166 37 167
.end
.begin 55
.V 108 40 41
.V 130 0 7
.V 130 7 40
.V 130 40 41
.V 134 33 40
.V 134 40 41
.V 140 0 9
.V 140 9 16
.V 140 16 23
.V 140 23 30
.V 141 30 33
.V 149 33 37
.V 152 37 40
.V 152 40 41
.V 154 40 41
.V 170 40 41
.H 108 40 109
.H 109 40 110
.H 110 40 111
.H 111 40 112
.H 112 40 113
.H 113 40 114
.H 114 40 115
.H 115 40 116
.H 116 40 117
.H 117 40 118
.H 118 40 119
.H 119 40 120
.H 120 40 121
.H 121 40 122
.H 122 40 123
.H 123 40 124
.H 124 40 125
.H 125 40 126
.H 126 40 127
.H 127 40 128
.H 128 40 129
.H 129 40 130
.H 130 40 131
.H 131 40 132
.H 132 40 133
.H 133 40 134
.H 134 33 135
.H 135 33 136
.H 136 33 137
.H 137 33 138
.H 138 33 139
.H 139 33 140
.H 140 30 141
.H 140 33 141
.H 141 33 142
.H 142 33 143
.H 143 33 144
.H 144 33 145
.H 145 33 146
.H 146 33 147
.H 147 33 148
.H 148 33 149
.H 149 37 150
.H 150 37 151
.H 151 37 152
.H 152 40 153
.H 153 40 154
.H 154 40 155
.H 155 40 156
.H 156 40 157
.H 157 40 158
.H 158 40 159
.H 159 40 160
.H 160 40 161
.H 161 40 162
.H 162 40 163
.H 163 40 164
.H 164 40 165
.H 165 40 166
.H 166 40 167
.H 167 40 168
.H 168 40 169
.H 169 40 170
.end
.begin 56
.V 113 0 7
.V 124 7 14
.V 124 14 18
.V 125 18 25
.V 125 25 31
.V 126 31 37
.V 132 37 41
.H 113 7 114
.H 114 7 115
.H 115 7 116
.H 116 7 117
.H 117 7 118
.H 118 7 119
.H 119 7 120
.H 120 7 121
.H 121 7 122
.H 122 7 123
.H 123 7 124
.H 124 18 125
.H 125 31 126
.H 126 37 127
.H 127 37 128
.H 128 37 129
.H 129 37 130
.H 130 37 131
.H 131 37 132
.end
.begin 57
.V 116 0 2
.V 156 2 9
.V 156 9 16
.V 156 16 23
.V 156 23 30
.V 156 30 35
.V 159 35 38
.V 165 38 41
.H 116 2 117
.H 117 2 118
.H 118 2 119
.H 119 2 120
.H 120 2 121
.H 121 2 122
.H 122 2 123
.H 123 2 124
.H 124 2 125
.H 125 2 126
.H 126 2 127
.H 127 2 128
.H 128 2 129
.H 129 2 130
.H 130 2 131
.H 131 2 132
.H 132 2 133
.H 133 2 134
.H 134 2 135
.H 135 2 136
.H 136 2 137
.H 137 2 138
.H 138 2 139
.H 139 2 140
.H 140 2 141
.H 141 2 142
.H 142 2 143
.H 143 2 144
.H 144 2 145
.H 145 2 146
.H 146 2 147
.H 147 2 148
.H 148 2 149
.H 149 2 150
.H 150 2 151
.H 151 2 152
.H 152 2 153
.H 153 2 154
.H 154 2 155
.H 155 2 156
.H 156 35 157
.H 157 35 158
.H 158 35 159
.H 159 38 160
.H 160 38 161
.H 161 38 162
.H 162 38 163
.H 163 38 164
.H 164 38 165
.end
.begin 58
.V 119 38 41
.V 153 38 41
.V 155 38 39
.V 155 39 41
.H 119 38 120
.H 120 38 121
.H 121 38 122
.H 122 38 123
.H 123 38 124
.H 124 38 125
.H 125 38 126
.H 126 38 127
.H 127 38 128
.H 128 38 129
.H 129 38 130
.H 130 38 131
.H 131 38 132
.H 132 38 133
.H 133 38 134
.H 134 38 135
.H 135 38 136
.H 136 38 137
.H 137 38 138
.H 138 38 139
.H 139 38 140
.H 140 38 141
.H 141 38 142
.H 142 38 143
.H 143 38 144
.H 144 38 145
.H 145 38 146
.H 146 38 147
.H 147 38 148
.H 148 38 149
.H 149 38 150
.H 150 38 151
.H 151 38 152
.H 152 38 153
.H 153 38 154
.H 154 38 155
.end
.begin 59
.V 123 0 5
.V 123 5 11
.V 125 11 17
.V 126 17 24
.V 128 24 34
.V 128 34 41
.H 123 11 124
.H 124 11 125
.H 125 17 126
.H 126 24 127
.H 127 24 128
.end
.begin 60
.V 126 39 41
.V 142 39 41
.V 154 11 18
.V 154 18 25
.V 154 25 32
.V 154 32 39
.V 158 0 2
.V 158 2 11
.H 126 39 127
.H 127 39 128
.H 128 39 129
.H 129 39 130
.H 130 39 131
.H 131 39 132
.H 132 39 133
.H 133 39 134
.H 134 39 135
.H 135 39 136
.H 136 39 137
.H 137 39 138
.H 138 39 139
.H 139 39 140
.H 140 39 141
.H 141 39 142
.H 142 39 143
.H 143 39 144
.H 144 39 145
.H 145 39 146
.H 146 39 147
.H 147 39 148
.H 148 39 149
.H 149 39 150
.H 150 39 151
.H 151 39 152
.H 152 39 153
.H 153 39 154
.H 154 11 155
.H 155 11 156
.H 156 11 157
.H 157 11 158
.end
.begin 61
.V 126 0 5
.V 162 5 11
.V 162 11 18
.V 162 18 25
.V 162 25 32
.V 162 32 35
.V 171 35 40
.V 171 40 41
.H 126 5 127
.H 127 5 128
.H 128 5 129
.H 129 5 130
.H 130 5 131
.H 131 5 132
.H 132 5 133
.H 133 5 134
.H 134 5 135
.H 135 5 136
.H 136 5 137
.H 137 5 138
.H 138 5 139
.H 139 5 140
.H 140 5 141
.H 141 5 142
.H 142 5 143
.H 143 5 144
.H 144 5 145
.H 145 5 146
.H 146 5 147
.H 147 5 148
.H 148 5 149
.H 149 5 150
.H 150 5 151
.H 151 5 152
.H 152 5 153
.H 153 5 154
.H 154 5 155
.H 155 5 156
.H 156 5 157
.H 157 5 158
.H 158 5 159
.H 159 5 160
.H 160 5 161
.H 161 5 162
.H 162 35 163
.H 163 35 164
.H 164 35 165
.H 165 35 166
.H 166 35 167
.H 167 35 168
.H 168 35 169
.H 169 35 170
.H 170 35 171
.end
.begin 62
.V 127 35 41
.V 142 9 14
.V 142 14 21
.V 142 21 28
.V 142 28 35
.V 148 0 7
.V 148 7 9
.V 159 0 2
.V 159 2 7
.V 159 7 14
.V 159 14 21
.V 159 21 28
.V 159 28 34
.V 166 34 38
.V 166 38 41
.H 127 35 128
.H 128 35 129
.H 129 35 130
.H 130 35 131
.H 131 35 132
.H 132 35 133
.H 133 35 134
.H 134 35 135
.H 135 35 136
.H 136 35 137
.H 137 35 138
.H 138 35 139
.H 139 35 140
.H 140 35 141
.H 141 35 142
.H 142 9 143
.H 143 9 144
.H 144 9 145
.H 145 9 146
.H 146 9 147
.H 147 9 148
.H 148 7 149
.H 149 7 150
.H 150 7 151
.H 151 7 152
.H 152 7 153
.H 153 7 154
.H 154 7 155
.H 155 7 156
.H 156 7 157
.H 157 7 158
.H 158 7 159
.H 159 34 160
.H 160 34 161
.H 161 34 162
.H 162 34 163
.H 163 34 164
.H 164 34 165
.H 165 34 166
.end
.begin 63
.V 133 10 17
.V 133 17 24
.V 133 24 30
.V 133 30 37
.V 133 37 41
.V 136 6 10
.V 139 0 6
.V 149 0 6
.V 151 6 13
.V 151 13 20
.V 152 20 27
.V 152 27 33
.V 152 33 36
.V 156 36 39
.V 161 0 2
.V 161 2 39
.V 161 39 41
.V 163 39 41
.V 172 39 40
.V 172 40 41
.H 133 10 134
.H 134 10 135
.H 135 10 136
.H 136 6 137
.H 137 6 138
.H 138 6 139
.H 139 6 140
.H 140 6 141
.H 141 6 142
.H 142 6 143
.H 143 6 144
.H 144 6 145
.H 145 6 146
.H 146 6 147
.H 147 6 148
.H 148 6 149
.H 149 6 150
.H 150 6 151
.H 151 20 152
.H 152 36 153
.H 153 36 154
.H 154 36 155
.H 155 36 156
.H 156 39 157
.H 157 39 158
.H 158 39 159
.H 159 39 160
.H 160 39 161
.H 161 39 162
.H 162 39 163
.H 163 39 164
.H 164 39 165
.H 165 39 166
.H 166 39 167
.H 167 39 168
.H 168 39 169
.H 169 39 170
.H 170 39 171
.H 171 39 172
.end
.begin 64
.V 133 0 7
.V 146 7 14
.V 146 14 20
.V 148 20 27
.V 148 27 34
.V 153 34 37
.V 157 37 38
.V 157 38 41
.H 133 7 134
.H 134 7 135
.H 135 7 136
.H 136 7 137
.H 137 7 138
.H 138 7 139
.H 139 7 140
.H 140 7 141
.H 141 7 142
.H 142 7 143
.H 143 7 144
.H 144 7 145
.H 145 7 146
.H 146 20 147
.H 147 20 148
.H 148 34 149
.H 149 34 150
.H 150 34 151
.H 151 34 152
.H 152 34 153
.H 153 37 154
.H 154 37 155
.H 155 37 156
.H 156 37 157
.end
.begin 65
.V 135 40 41
.V 144 28 35
.V 144 35 40
.V 146 21 28
.V 149 9 14
.V 149 14 21
.V 152 6 9
.V 153 0 6
.H 135 40 136
.H 136 40 137
.H 137 40 138
.H 138 40 139
.H 139 40 140
.H 140 40 141
.H 141 40 142
.H 142 40 143
.H 143 40 144
.H 144 28 145
.H 145 28 146
.H 146 21 147
.H 147 21 148
.H 148 21 149
.H 149 9 150
.H 150 9 151
.H 151 9 152
.H 152 6 153
.end
.begin 66
.V 137 32 41
.V 139 32 41
.H 137 32 138
.H 138 32 139
.end
.begin 67
.V 137 0 8
.V 163 2 8
.V 167 0 1
.V 167 1 2
.V 167 2 9
.V 167 9 16
.V 167 16 23
.V 167 23 30
.V 168 30 33
.V 169 33 38
.V 169 38 41
.H 137 8 138
.H 138 8 139
.H 139 8 140
.H 140 8 141
.H 141 8 142
.H 142 8 143
.H 143 8 144
.H 144 8 145
.H 145 8 146
.H 146 8 147
.H 147 8 148
.H 148 8 149
.H 149 8 150
.H 150 8 151
.H 151 8 152
.H 152 8 153
.H 153 8 154
.H 154 8 155
.H 155 8 156
.H 156 8 157
.H 157 8 158
.H 158 8 159
.H 159 8 160
.H 160 8 161
.H 161 8 162
.H 162 8 163
.H 163 2 164
.H 164 2 165
.H 165 2 166
.H 166 2 167
.H 167 30 168
.H 168 33 169
.end
.begin 68
.V 138 0 9
.V 138 9 31
.V 138 31 41
.V 140 31 32
.V 140 32 41
.V 143 11 18
.V 143 18 25
.V 143 25 32
.V 143 32 35
.V 143 35 41
.V 150 0 10
.V 150 10 11
.V 163 10 17
.V 163 17 24
.V 163 24 31
.V 167 31 34
.V 170 34 38
.V 173 38 40
.V 173 40 41
.H 138 31 139
.H 139 31 140
.H 140 32 141
.H 141 32 142
.H 142 32 143
.H 143 11 144
.H 144 11 145
.H 145 11 146
.H 146 11 147
.H 147 11 148
.H 148 11 149
.H 149 11 150
.H 150 10 151
.H 151 10 152
.H 152 10 153
.H 153 10 154
.H 154 10 155
.H 155 10 156
.H 156 10 157
.H 157 10 158
.H 158 10 159
.H 159 10 160
.H 160 10 161
.H 161 10 162
.H 162 10 163
.H 163 31 164
.H 164 31 165
.H 165 31 166
.H 166 31 167
.H 167 34 168
.H 168 34 169
.H 169 34 170
.H 170 38 171
.H 171 38 172
.H 172 38 173
.end
.begin 69
.V 144 0 10
.V 144 10 17
.V 144 17 24
.V 144 24 27
.V 145 27 32
.V 145 32 35
.V 150 35 40
.V 150 40 41
.H 144 27 145
.H 145 35 146
.H 146 35 147
.H 147 35 148
.H 148 35 149
.H 149 35 150
.end
.begin 70
.V 157 0 2
.V 157 2 9
.V 157 9 16
.V 157 16 23
.V 157 23 30
.V 157 30 36
.V 168 36 38
.V 168 38 41
.H 157 36 158
.H 158 36 159
.H 159 36 160
.H 160 36 161
.H 161 36 162
.H 162 36 163
.H 163 36 164
.H 164 36 165
.H 165 36 166
.H 166 36 167
.H 167 36 168
.end
.begin 71
.V 158 12 17
.V 158 17 24
.V 158 24 31
.V 158 31 38
.V 158 38 41
.V 164 0 1
.V 164 1 12
.H 158 12 159
.H 159 12 160
.H 160 12 161
.H 161 12 162
.H 162 12 163
.H 163 12 164
.end
.begin 72
.V 160 37 41
.V 162 37 41
.H 160 37 161
.H 161 37 162
.end
