.begin 1
.V 2 0 2
.V 2 2 29
.V 2 29 31
.V 9 29 31
.V 22 29 31
.H 2 29 3
.H 3 29 4
.H 4 29 5
.H 5 29 6
.H 6 29 7
.H 7 29 8
.H 8 29 9
.H 9 29 10
.H 10 29 11
.H 11 29 12
.H 12 29 13
.H 13 29 14
.H 14 29 15
.H 15 29 16
.H 16 29 17
.H 17 29 18
.H 18 29 19
.H 19 29 20
.H 20 29 21
.H 21 29 22
.end
.begin 2
.V 0 30 31
.V 3 20 25
.V 3 25 30
.V 5 17 20
.V 11 12 17
.V 12 0 1
.V 12 1 12
.V 12 12 17
.V 12 17 22
.V 12 22 25
.V 12 25 28
.V 20 28 31
.V 22 16 19
.V 22 19 24
.V 22 24 28
.V 23 11 16
.V 25 0 2
.V 25 2 11
.H 0 30 1
.H 1 30 2
.H 2 30 3
.H 3 20 4
.H 4 20 5
.H 5 17 6
.H 6 17 7
.H 7 17 8
.H 8 17 9
.H 9 17 10
.H 10 17 11
.H 11 12 12
.H 12 28 13
.H 13 28 14
.H 14 28 15
.H 15 28 16
.H 16 28 17
.H 17 28 18
.H 18 28 19
.H 19 28 20
.H 20 28 21
.H 21 28 22
.H 22 16 23
.H 23 11 24
.H 24 11 25
.end
.begin 3
.V 11 0 1
.V 11 1 5
.V 14 27 31
.V 15 2 5
.V 15 5 27
.V 17 0 2
.V 17 2 7
.V 17 7 12
.V 18 12 17
.V 18 17 22
.V 18 22 26
.V 23 26 29
.V 23 29 31
.H 11 5 12
.H 12 5 13
.H 13 5 14
.H 14 5 15
.H 14 27 15
.H 15 2 16
.H 16 2 17
.H 17 12 18
.H 18 26 19
.H 19 26 20
.H 20 26 21
.H 21 26 22
.H 22 26 23
.end
.begin 4
.V 3 0 2
.V 3 2 7
.V 3 7 12
.V 3 12 17
.V 4 12 17
.V 4 17 30
.V 4 30 31
.V 8 7 12
.V 13 0 1
.V 13 1 7
.V 18 0 1
.V 18 1 6
.V 18 6 11
.V 19 11 16
.V 19 16 21
.V 19 21 24
.V 20 24 27
.V 27 27 30
.V 27 30 31
.H 3 17 4
.H 4 12 5
.H 5 12 6
.H 6 12 7
.H 7 12 8
.H 8 7 9
.H 9 7 10
.H 10 7 11
.H 11 7 12
.H 12 7 13
.H 13 1 14
.H 14 1 15
.H 15 1 16
.H 16 1 17
.H 17 1 18
.H 18 11 19
.H 19 24 20
.H 20 27 21
.H 21 27 22
.H 22 27 23
.H 23 27 24
.H 24 27 25
.H 25 27 26
.H 26 27 27
.end
.begin 5
.V 4 0 2
.V 4 2 7
.V 4 7 11
.V 5 11 16
.V 6 16 21
.V 7 28 31
.V 9 21 28
.V 11 18 23
.V 11 23 28
.V 11 28 31
.V 16 0 3
.V 16 3 18
.V 24 0 1
.V 24 1 3
.V 27 0 1
.H 4 11 5
.H 5 16 6
.H 6 21 7
.H 7 21 8
.H 7 28 8
.H 8 21 9
.H 8 28 9
.H 9 28 10
.H 10 28 11
.H 11 18 12
.H 12 18 13
.H 13 18 14
.H 14 18 15
.H 15 18 16
.H 16 3 17
.H 17 3 18
.H 18 3 19
.H 19 3 20
.H 20 3 21
.H 21 3 22
.H 22 3 23
.H 23 3 24
.H 24 1 25
.H 25 1 26
.H 26 1 27
.end
.begin 6
.V 5 30 31
.V 15 30 31
.V 19 0 1
.V 19 1 6
.V 19 6 10
.V 20 10 15
.V 20 15 20
.V 20 20 23
.V 24 23 30
.V 24 30 31
.V 25 30 31
.H 5 30 6
.H 6 30 7
.H 7 30 8
.H 8 30 9
.H 9 30 10
.H 10 30 11
.H 11 30 12
.H 12 30 13
.H 13 30 14
.H 14 30 15
.H 15 30 16
.H 16 30 17
.H 17 30 18
.H 18 30 19
.H 19 10 20
.H 19 30 20
.H 20 23 21
.H 20 30 21
.H 21 23 22
.H 21 30 22
.H 22 23 23
.H 22 30 23
.H 23 23 24
.H 23 30 24
.H 24 30 25
.end
.begin 8
.V 0 0 1
.V 0 1 6
.V 0 6 11
.V 0 11 16
.V 0 16 21
.V 0 21 26
.V 6 22 26
.V 6 26 28
.V 6 28 31
.V 7 0 2
.V 7 2 22
.V 7 22 27
.V 13 22 27
.V 13 27 31
.V 17 13 17
.V 17 17 22
.V 21 0 1
.V 21 1 13
.H 0 26 1
.H 1 26 2
.H 2 26 3
.H 3 26 4
.H 4 26 5
.H 5 26 6
.H 6 22 7
.H 7 27 8
.H 8 27 9
.H 9 27 10
.H 10 27 11
.H 11 27 12
.H 12 27 13
.H 13 22 14
.H 14 22 15
.H 15 22 16
.H 16 22 17
.H 17 13 18
.H 18 13 19
.H 19 13 20
.H 20 13 21
.end
.begin 10
.V 1 4 9
.V 1 9 14
.V 1 14 19
.V 1 19 24
.V 1 24 29
.V 1 29 31
.V 8 0 2
.V 8 2 4
.V 10 0 1
.V 10 1 2
.V 10 2 6
.V 11 6 11
.V 13 11 16
.V 13 16 21
.V 14 21 25
.V 19 25 27
.V 19 27 31
.H 1 4 2
.H 2 4 3
.H 3 4 4
.H 4 4 5
.H 5 4 6
.H 6 4 7
.H 7 4 8
.H 8 2 9
.H 9 2 10
.H 10 6 11
.H 11 11 12
.H 12 11 13
.H 13 21 14
.H 14 25 15
.H 15 25 16
.H 16 25 17
.H 17 25 18
.H 18 25 19
.end
.begin 11
.V 5 0 2
.V 5 2 7
.V 5 7 10
.V 6 10 15
.V 8 15 26
.V 8 26 31
.V 9 10 15
.V 14 0 2
.V 14 2 10
.V 14 10 15
.V 14 15 20
.V 16 20 24
.V 17 24 27
.V 18 27 31
.H 5 10 6
.H 6 15 7
.H 7 15 8
.H 8 15 9
.H 9 10 10
.H 10 10 11
.H 11 10 12
.H 12 10 13
.H 13 10 14
.H 14 20 15
.H 15 20 16
.H 16 24 17
.H 17 27 18
.end
.begin 12
.V 1 0 1
.V 9 0 1
.V 9 1 6
.V 9 6 9
.V 10 9 26
.V 10 26 31
.V 16 26 27
.V 16 27 31
.H 1 1 2
.H 2 1 3
.H 3 1 4
.H 4 1 5
.H 5 1 6
.H 6 1 7
.H 7 1 8
.H 8 1 9
.H 9 9 10
.H 10 26 11
.H 11 26 12
.H 12 26 13
.H 13 26 14
.H 14 26 15
.H 15 26 16
.end
.begin 14
.V 21 15 20
.V 21 20 25
.V 21 25 31
.V 22 0 1
.V 22 1 15
.H 21 15 22
.end
.begin 20
.V 23 0 1
.V 23 1 6
.V 23 6 10
.V 24 10 15
.V 24 15 20
.V 25 20 25
.V 25 25 29
.V 26 0 31
.H 23 10 24
.H 24 20 25
.H 25 29 26
.end
