.begin 1
.V 1 29 31
.V 5 29 31
.V 7 0 1
.V 7 1 29
.V 9 0 1
.H 1 29 2
.H 2 29 3
.H 3 29 4
.H 4 29 5
.H 5 29 6
.H 6 29 7
.H 7 1 8
.H 8 1 9
.end
.begin 2
.V 2 18 23
.V 2 23 28
.V 2 28 31
.V 8 0 2
.V 8 2 18
.H 2 18 3
.H 3 18 4
.H 4 18 5
.H 5 18 6
.H 6 18 7
.H 7 18 8
.end
.begin 3
.V 1 0 2
.V 3 0 2
.V 3 2 7
.V 3 7 11
.V 5 11 16
.V 5 16 21
.V 8 21 29
.V 8 29 31
.H 1 2 2
.H 2 2 3
.H 3 11 4
.H 4 11 5
.H 5 21 6
.H 6 21 7
.H 7 21 8
.end
.begin 4
.V 0 0 1
.V 5 0 1
.V 5 1 6
.V 5 6 10
.V 9 10 29
.V 9 29 31
.H 0 1 1
.H 1 1 2
.H 2 1 3
.H 3 1 4
.H 4 1 5
.H 5 10 6
.H 6 10 7
.H 7 10 8
.H 8 10 9
.end
.begin 5
.V 2 0 3
.V 2 3 8
.V 2 8 13
.V 2 13 17
.V 3 12 17
.V 3 17 28
.V 3 28 31
.V 4 0 2
.V 4 2 12
.V 4 12 17
.V 4 17 22
.V 5 22 27
.V 11 27 30
.V 11 30 31
.H 2 17 3
.H 3 12 4
.H 4 22 5
.H 5 27 6
.H 6 27 7
.H 7 27 8
.H 8 27 9
.H 9 27 10
.H 10 27 11
.end
.begin 6
.V 6 24 28
.V 6 28 31
.V 10 0 1
.V 10 1 24
.V 12 0 1
.H 6 24 7
.H 7 24 8
.H 8 24 9
.H 9 24 10
.H 10 1 11
.H 11 1 12
.end
.begin 7
.V 4 23 28
.V 4 28 31
.V 6 0 1
.V 6 1 23
.H 4 23 5
.H 5 23 6
.end
.begin 9
.V 0 30 31
.V 7 30 31
.V 10 25 30
.V 11 0 2
.V 11 2 25
.H 0 30 1
.H 1 30 2
.H 2 30 3
.H 3 30 4
.H 4 30 5
.H 5 30 6
.H 6 30 7
.H 7 30 8
.H 8 30 9
.H 9 30 10
.H 10 25 11
.end
